<<<<<<< HEAD
100	0.00524106
500	0.0352555
900	0.0547738
1300	0.0950815
1700	0.0849299
2100	0.105535
2500	0.12688
2900	0.145272
3300	0.174941
3700	0.192461
4100	0.211461
4500	0.260521
4900	0.256383
5300	0.274765
5700	0.318319
6100	0.319273
6500	0.342117
6900	0.362523
7300	0.387758
7700	0.411031
8100	0.425609
8500	0.45023
8900	0.479142
9300	0.501949
9700	0.518028
=======
1000	0.0072425
5000	0.0374557
9000	0.0650602
13000	0.0990887
17000	0.0715259
21000	0.0621792
25000	0.0544406
29000	0.0558341
>>>>>>> 897a5cc9df88212c7498fc00524caf98f8533e2f
